0.000204 0.040000
0.000204 0.040000
0.000204 0.040000
0.000204 0.040000
0.000204 0.040000
0.000204 0.040000
0.000204 0.040000
0.000204 0.040000
0.000204 0.040000
0.000204 0.040000
0.000204 0.040000
0.000204 0.040000
0.000204 0.040000
0.000204 0.040000
0.000204 0.040000
0.000204 0.040000
0.000204 0.040000
0.000204 0.040000
0.000204 0.040000
0.000204 0.040000
0.000204 0.040000
0.000204 0.040000
0.000204 0.040000
0.000204 0.040000
0.000204 0.040000
0.000204 0.040000
0.000204 0.040000
0.000204 0.040000
0.000204 0.040000
0.000204 0.040000
0.000204 0.040000
0.000204 0.040000
0.000204 0.040000
0.000204 0.040000
0.000204 0.040000
0.000204 0.040000
0.000204 0.040000
0.000204 0.040000
0.000204 0.040000
0.000204 0.040000
0.000204 0.040000
0.000204 0.040000
0.000204 0.040000
0.000204 0.040000
0.000204 0.040000
0.000204 0.040000
0.000204 0.040000
0.000204 0.040000
0.000204 0.040000
0.000204 0.040000
0.000204 0.040000
0.000204 0.040000
0.000204 0.040000
0.000204 0.040000
0.000204 0.040000
0.000204 0.040000
0.000204 0.040000
0.000204 0.040000
0.000204 0.040000
0.000204 0.040000
0.000204 0.040000
0.000204 0.040000
0.000204 0.040000
0.000204 0.040000
0.000204 0.040000
0.000204 0.040000
0.000204 0.040000
0.000204 0.040000
0.000204 0.040000
0.000204 0.040000
0.000204 0.040000
0.000204 0.040000
0.000204 0.040000
0.000204 0.040000
0.000204 0.040000
0.000204 0.040000
0.000204 0.040000
0.000204 0.040000
0.000204 0.040000
0.000204 0.040000
0.000204 0.040000
0.000204 0.040000
0.000204 0.040000
0.000204 0.040000
0.000204 0.040000
0.000204 0.040000
0.000204 0.040000
0.000204 0.040000
0.000204 0.040000
0.000204 0.040000
0.000204 0.040000
0.000204 0.040000
0.000204 0.040000
0.000204 0.040000
0.000204 0.040000
0.000204 0.040000
0.000204 0.040000
0.000204 0.040000
0.000204 0.040000
0.000204 0.040000
0.000204 0.040000
0.000204 0.040000
0.000204 0.040000
0.000204 0.040000
0.000204 0.040000
0.000204 0.040000
0.000204 0.040000
0.000204 0.040000
0.000204 0.040000
0.000204 0.040000
0.000204 0.040000
0.000204 0.040000
0.000204 0.040000
0.000204 0.040000
0.000204 0.040000
0.000204 0.040000
0.000204 0.040000
0.000204 0.040000
0.000204 0.040000
0.000204 0.040000
0.000204 0.040000
0.000204 0.040000
0.000204 0.040000
0.000204 0.040000
0.000204 0.040000
0.000204 0.040000
0.000204 0.040000
0.000204 0.040000
0.000204 0.040000
0.000204 0.040000
0.000204 0.040000
0.000204 0.040000
0.000204 0.040000
0.000204 0.040000
0.000204 0.040000
0.000204 0.040000
0.000204 0.040000
0.000204 0.040000
0.000204 0.040000
0.000204 0.040000
0.000204 0.040000
0.000204 0.040000
0.000204 0.040000
0.000204 0.040000
0.000204 0.040000
0.000204 0.040000
0.000204 0.040000
0.000204 0.040000
0.000204 0.040000
0.000204 0.040000
0.000204 0.040000
0.000204 0.040000
0.000204 0.040000
0.000204 0.040000
0.000204 0.040000
0.000204 0.040000
0.000204 0.040000
0.000204 0.040000
0.000204 0.040000
0.000204 0.040000
0.000204 0.040000
0.000204 0.040000
0.000204 0.040000
0.000204 0.040000
0.000204 0.040000
0.000204 0.040000
0.000204 0.040000
0.000204 0.040000
0.000204 0.040000
0.000204 0.040000
0.000204 0.040000
0.000204 0.040000
0.000204 0.040000
0.000204 0.040000
-0.000456 0.060000
-0.009393 0.080000
-0.028117 0.090000
-0.060177 0.120000
-0.106202 0.160000
-0.160551 0.080000
-0.206230 0.090000
-0.256071 0.110000
-0.310138 0.090000
-0.355031 0.120000
-0.405281 0.090000
-0.458892 0.110000
-0.510446 0.090000
-0.560916 0.090000
-0.608809 0.090000
-0.658902 0.110000
-0.705162 0.090000
-0.755427 0.110000
-0.806997 0.140000
-0.855424 0.090000
-0.905941 0.110000
-0.955955 0.090000
-1.008985 0.110000
-1.054884 0.090000
-1.105354 0.090000
-1.151111 0.080000
-1.179134 0.060000
-1.196790 0.040000
-1.199586 0.060000
-1.190318 0.080000
-1.172427 0.090000
-1.139628 0.120000
-1.092709 0.110000
-1.050957 0.080000
-1.005938 0.090000
-0.957809 0.090000
-0.915444 0.080000
-0.870661 0.090000
-0.825076 0.080000
-0.776727 0.110000
-0.736028 0.090000
-0.691150 0.090000
-0.642927 0.110000
-0.600877 0.090000
-0.555496 0.090000
-0.510556 0.090000
-0.461846 0.090000
-0.420298 0.090000
-0.375200 0.090000
-0.327951 0.110000
-0.285461 0.090000
-0.240143 0.090000
-0.194889 0.080000
-0.163928 0.060000
-0.144089 0.060000
-0.138026 0.040000
-0.143995 0.080000
-0.160802 0.090000
-0.191417 0.090000
-0.234080 0.090000
-0.270287 0.090000
-0.311238 0.110000
-0.353775 0.090000
-0.391537 0.080000
-0.431372 0.080000
-0.472857 0.090000
-0.510148 0.080000
-0.550894 0.090000
-0.592881 0.110000
-0.631397 0.090000
-0.670494 0.110000
-0.711351 0.090000
-0.754029 0.110000
-0.790943 0.090000
-0.831124 0.090000
-0.874007 0.090000
-0.911015 0.090000
-0.950960 0.110000
-0.992461 0.110000
-1.027505 0.060000
-1.053533 0.060000
-1.065283 0.060000
-1.062691 0.060000
-1.051381 0.090000
-1.026484 0.090000
-0.990073 0.090000
-0.956442 0.090000
-0.921822 0.080000
-0.885662 0.090000
-0.848089 0.080000
-0.816877 0.080000
-0.781675 0.080000
-0.743976 0.080000
-0.711241 0.080000
-0.676558 0.080000
-0.640602 0.090000
-0.603531 0.090000
-0.571707 0.080000
-0.536333 0.080000
-0.498618 0.080000
-0.466888 0.080000
-0.431466 0.080000
-0.395448 0.110000
-0.358236 0.080000
-0.326883 0.090000
-0.294603 0.060000
-0.272847 0.060000
-0.267978 0.060000
-0.273900 0.080000
-0.292671 0.110000
-0.319202 0.080000
-0.349691 0.080000
-0.381075 0.090000
-0.413041 0.080000
-0.439289 0.080000
-0.470406 0.090000
-0.502749 0.080000
-0.530144 0.080000
-0.560319 0.080000
-0.592096 0.080000
-0.619789 0.080000
-0.649870 0.080000
-0.680061 0.090000
-0.712765 0.080000
-0.739814 0.080000
-0.770586 0.080000
-0.802331 0.090000
-0.830150 0.080000
-0.859807 0.080000
-0.890767 0.080000
-0.917832 0.060000
-0.936713 0.060000
-0.939446 0.060000
-0.930053 0.080000
-0.912790 0.090000
-0.886557 0.080000
-0.860325 0.080000
-0.836182 0.060000
-0.811521 0.080000
-0.786246 0.080000
-0.759182 0.080000
-0.736217 0.080000
-0.711084 0.080000
-0.684129 0.080000
-0.661839 0.080000
-0.636188 0.080000
-0.611103 0.080000
-0.584053 0.080000
-0.561434 0.080000
-0.536600 0.080000
-0.509299 0.080000
-0.486287 0.080000
-0.461233 0.080000
-0.435802 0.080000
-0.411847 0.080000
-0.393123 0.060000
-0.390688 0.060000
-0.399721 0.080000
-0.416261 0.090000
-0.436933 0.080000
-0.459002 0.080000
-0.476972 0.060000
-0.497031 0.080000
-0.517703 0.080000
-0.536694 0.080000
-0.556942 0.080000
-0.577315 0.080000
-0.598945 0.080000
-0.616726 0.080000
-0.636848 0.080000
-0.657802 0.080000
-0.676715 0.080000
-0.697245 0.080000
-0.717006 0.080000
-0.739170 0.080000
-0.760737 0.080000
-0.778204 0.080000
-0.796896 0.080000
-0.815196 0.060000
-0.821809 0.040000
-0.814584 0.080000
-0.800462 0.080000
-0.784817 0.060000
-0.770601 0.080000
-0.756370 0.060000
-0.741322 0.060000
-0.725425 0.060000
-0.711351 0.080000
-0.696554 0.060000
-0.680406 0.080000
-0.666552 0.060000
-0.651394 0.060000
-0.636314 0.080000
-0.619773 0.080000
-0.606516 0.080000
-0.591138 0.060000
-0.576011 0.060000
-0.561403 0.060000
-0.546700 0.060000
-0.531196 0.080000
-0.515174 0.060000
-0.504775 0.060000
-0.506063 0.060000
-0.516509 0.060000
-0.526201 0.060000
-0.535861 0.060000
-0.546072 0.060000
-0.557460 0.060000
-0.565958 0.060000
-0.575854 0.060000
-0.586959 0.060000
-0.595803 0.060000
-0.605966 0.080000
-0.616569 0.060000
-0.626748 0.060000
-0.635528 0.060000
-0.646461 0.060000
-0.656483 0.060000
-0.665766 0.060000
-0.676244 0.060000
-0.686061 0.060000
-0.696632 0.060000
-0.706167 0.060000
-0.711916 0.060000
-0.707879 0.060000
-0.703465 0.060000
-0.698156 0.060000
-0.692800 0.060000
-0.687946 0.060000
-0.683092 0.060000
-0.678254 0.060000
-0.672851 0.060000
-0.668185 0.060000
-0.663175 0.060000
-0.657692 0.060000
-0.653153 0.060000
-0.648252 0.060000
-0.643131 0.060000
-0.637696 0.060000
-0.633109 0.060000
-0.627957 0.060000
-0.622664 0.060000
-0.618093 0.060000
-0.613317 0.060000
-0.610192 0.060000
-0.610254 0.060000
-0.610223 0.040000
-0.610254 0.060000
-0.610270 0.060000
-0.610239 0.040000
-0.610254 0.060000
-0.610239 0.060000
-0.610239 0.060000
-0.610254 0.060000
-0.610254 0.060000
-0.610254 0.060000
-0.610270 0.060000
-0.610254 0.060000
-0.610254 0.060000
-0.610239 0.060000
-0.610270 0.060000
-0.610239 0.060000
-0.610254 0.040000
-0.610254 0.040000
-0.610254 0.060000
-0.610239 0.060000
-0.610